#       file       r2               zero avg          zero var
     11.50 s 0.9665603505369722 0.10101025858626198 1.6731085663048839e-06
      2.60 s 0.9677626438840587 0.10374026557507987 3.042015575099818e-06
      9.00 s 0.9676380283125868 0.10374026557507987 6.084031150199637e-07
     14.60 s 0.9675557305602077 0.0998402555910543 1.2168062300399163e-06
      0.25 s 0.968443246724427 0.10647027256389777 6.5403334864645785e-06
     11.70 s 0.9665603505369722 0.10101025858626198 1.6731085663048839e-06
      1.05 s 0.967956078026595 0.10452026757188498 2.4336124600798546e-06
      6.35 s 0.9671690766147348 0.10413026657348243 1.6731085663049e-06
     14.75 s 0.9662754501767836 0.10062025758785942 3.0420155750997963e-06
      6.40 s 0.9671690766147348 0.10413026657348243 1.6731085663049e-06
      9.35 s 0.9676905909149821 0.1025702625798722 1.6731085663049e-06
      7.30 s 0.9672661086109631 0.10296026357827476 2.4336124600798546e-06
      2.40 s 0.9677622717551417 0.10335026457667731 1.6731085663049e-06
      2.35 s 0.9677622717551417 0.10335026457667731 1.6731085663049e-06
     13.05 s 0.9661266674522007 0.10062025758785942 6.084031150199529e-07
     13.10 s 0.9661266674522007 0.10062025758785942 6.084031150199529e-07
     11.75 s 0.9665603505369722 0.10101025858626198 1.6731085663048839e-06
      1.65 s 0.9676775100833835 0.10491026857028754 5.323527256424682e-06
      8.40 s 0.9674282651217226 0.1025702625798722 4.106721026384736e-06
      4.75 s 0.9659595879298473 0.10335026457667731 4.106721026384754e-06
      5.90 s 0.9668479455272232 0.10296026357827476 6.0840311501996146e-06
     10.95 s 0.966660274226736 0.10179026058306709 4.106721026384727e-06
      0.50 s 0.9683397992451607 0.1053002695686901 3.042015575099818e-06
      5.45 s 0.9670410080135264 0.10374026557507987 3.042015575099818e-06
      4.05 s 0.966770226279286 0.10335026457667731 4.5630233626497264e-07
     11.55 s 0.9665603505369722 0.10101025858626198 1.6731085663048839e-06
      6.60 s 0.967089491120688 0.1025702625798722 4.106721026384736e-06
      4.70 s 0.9663279273887007 0.1025702625798722 2.8899147963448084e-06
     13.95 s 0.9670670572042626 0.10062025758785942 6.084031150199529e-07
      4.60 s 0.9663279273887007 0.1025702625798722 2.8899147963448084e-06
     13.40 s 0.9670086439701358 0.0998402555910543 1.2168062300399163e-06
      4.10 s 0.966770226279286 0.10335026457667731 4.5630233626497264e-07
      9.10 s 0.9676905909149821 0.1025702625798722 1.6731085663049e-06
     13.25 s 0.9663887164106264 0.10023025658945686 1.6731085663048837e-06
     11.90 s 0.9668958056503324 0.10101025858626198 1.6731085663048839e-06
     11.60 s 0.9665603505369722 0.10101025858626198 1.6731085663048839e-06
      7.80 s 0.9676470112018231 0.10218026158146964 6.084031150199637e-07
      3.60 s 0.9678470609846012 0.10335026457667731 1.6731085663049e-06
      2.55 s 0.9677626438840587 0.10374026557507987 3.042015575099818e-06
     12.40 s 0.9660273835005371 0.10101025858626198 1.6731085663048839e-06
      7.85 s 0.9681450051172249 0.1025702625798722 1.6731085663049e-06
      7.00 s 0.9671342294001759 0.10335026457667731 1.6731085663049e-06
      8.95 s 0.9676380283125868 0.10374026557507987 6.084031150199637e-07
      6.95 s 0.9671342294001759 0.10335026457667731 1.6731085663049e-06
      0.10 s 0.968443246724427 0.10647027256389777 6.5403334864645785e-06
     14.20 s 0.9666343061591776 0.10023025658945686 4.5630233626496454e-07
      7.60 s 0.9674867813453855 0.1025702625798722 1.6731085663049e-06
      1.40 s 0.9674272579985889 0.10452026757188498 2.4336124600798546e-06
      3.30 s 0.9670143856644307 0.10335026457667731 2.889914796344827e-06
      6.25 s 0.9674565455940476 0.10413026657348243 1.6731085663049e-06
      2.15 s 0.9682273305529481 0.10413026657348243 1.6731085663049e-06
      9.30 s 0.9676905909149821 0.1025702625798722 1.6731085663049e-06
      1.45 s 0.9674272579985889 0.10452026757188498 2.4336124600798546e-06
      8.85 s 0.9676380283125868 0.10374026557507987 6.084031150199637e-07
     11.25 s 0.9663985022864376 0.10140025958466453 2.4336124600798326e-06
      5.20 s 0.9663207000240142 0.10335026457667731 4.106721026384754e-06
     13.20 s 0.9663887164106264 0.10023025658945686 1.6731085663048837e-06
      8.80 s 0.9670462964617327 0.10335026457667731 4.106721026384754e-06
      3.85 s 0.9679687717963608 0.10335026457667731 4.106721026384754e-06
      2.50 s 0.9677626438840587 0.10374026557507987 3.042015575099818e-06
     10.60 s 0.9669790091939227 0.10140025958466453 2.4336124600798326e-06
      2.65 s 0.9677626438840587 0.10374026557507987 3.042015575099818e-06
     12.85 s 0.9664166470611002 0.10101025858626198 1.6731085663048839e-06
     13.35 s 0.9670086439701358 0.0998402555910543 1.2168062300399163e-06
      5.70 s 0.9670410080135264 0.10374026557507987 3.042015575099818e-06
     10.05 s 0.9661421420080722 0.10296026357827476 1.2168062300399273e-06
     10.20 s 0.9661421420080722 0.10296026357827476 1.2168062300399273e-06
     13.50 s 0.9667168030194491 0.10062025758785942 6.084031150199529e-07
     12.00 s 0.9676455130339485 0.10140025958466453 1.2168062300399163e-06
      0.15 s 0.968443246724427 0.10647027256389777 6.5403334864645785e-06
      5.75 s 0.9670410080135264 0.10374026557507987 3.042015575099818e-06
      7.65 s 0.9676470112018231 0.10218026158146964 6.084031150199637e-07
      0.80 s 0.9681766370020185 0.1053002695686901 6.084031150199637e-07
      0.20 s 0.968443246724427 0.10647027256389777 6.5403334864645785e-06
      7.70 s 0.9676470112018231 0.10218026158146964 6.084031150199637e-07
      7.40 s 0.9677530908666068 0.1025702625798722 4.106721026384736e-06
      6.75 s 0.9667797306902987 0.1025702625798722 4.106721026384736e-06
     12.05 s 0.9676455130339485 0.10140025958466453 1.2168062300399163e-06
      2.75 s 0.9681892418538888 0.10374026557507987 6.084031150199637e-07
      8.05 s 0.9681450051172249 0.1025702625798722 1.6731085663049e-06
      6.55 s 0.967089491120688 0.1025702625798722 4.106721026384736e-06
     10.45 s 0.9669790091939227 0.10140025958466453 2.4336124600798326e-06
     13.30 s 0.9663887164106264 0.10023025658945686 1.6731085663048837e-06
     11.00 s 0.966660274226736 0.10179026058306709 4.106721026384727e-06
      3.35 s 0.9670143856644307 0.10335026457667731 2.889914796344827e-06
      3.55 s 0.9678470609846012 0.10335026457667731 1.6731085663049e-06
     13.90 s 0.9670670572042626 0.10062025758785942 6.084031150199529e-07
      3.65 s 0.9678470609846012 0.10335026457667731 1.6731085663049e-06
      4.45 s 0.9185406085918427 0.1053002695686901 1.7643690335578897e-05
      3.20 s 0.9670143856644307 0.10335026457667731 2.889914796344827e-06
     14.65 s 0.9675557305602077 0.0998402555910543 1.2168062300399163e-06
      4.85 s 0.9659595879298473 0.10335026457667731 4.106721026384754e-06
      4.35 s 0.9185406085918427 0.1053002695686901 1.7643690335578897e-05
      5.10 s 0.9663207000240142 0.10335026457667731 4.106721026384754e-06
      9.50 s 0.9680867696845533 0.1025702625798722 1.6731085663049e-06
      0.05 s 0.968443246724427 0.10647027256389777 6.5403334864645785e-06
      3.10 s 0.9670143856644307 0.10335026457667731 2.889914796344827e-06
     13.45 s 0.9670086439701358 0.0998402555910543 1.2168062300399163e-06
     10.75 s 0.9673987264867565 0.10140025958466453 2.4336124600798326e-06
      1.75 s 0.9676775100833835 0.10491026857028754 5.323527256424682e-06
     11.85 s 0.9668958056503324 0.10101025858626198 1.6731085663048839e-06
      4.65 s 0.9663279273887007 0.1025702625798722 2.8899147963448084e-06
      8.15 s 0.9681450051172249 0.1025702625798722 1.6731085663049e-06
      7.35 s 0.9677530908666068 0.1025702625798722 4.106721026384736e-06
     10.85 s 0.9673987264867565 0.10140025958466453 2.4336124600798326e-06
     14.70 s 0.9662754501767836 0.10062025758785942 3.0420155750997963e-06
      8.70 s 0.9670462964617327 0.10335026457667731 4.106721026384754e-06
      6.30 s 0.9671690766147348 0.10413026657348243 1.6731085663049e-06
      2.95 s 0.9685635584439625 0.10335026457667731 4.5630233626497264e-07
      2.30 s 0.9681553500744318 0.10296026357827476 2.4336124600798546e-06
      8.55 s 0.9678842983569489 0.1025702625798722 4.106721026384736e-06
     13.15 s 0.9663887164106264 0.10023025658945686 1.6731085663048837e-06
      5.80 s 0.9668479455272232 0.10296026357827476 6.0840311501996146e-06
      4.80 s 0.9659595879298473 0.10335026457667731 4.106721026384754e-06
     14.90 s 0.9655119835301286 0.0998402555910543 3.65041869011976e-06
      6.20 s 0.9674565455940476 0.10413026657348243 1.6731085663049e-06
     12.95 s 0.9664166470611002 0.10101025858626198 1.6731085663048839e-06
     12.15 s 0.9665172167531866 0.10140025958466453 1.2168062300399163e-06
      1.60 s 0.967563439394502 0.10335026457667731 4.106721026384754e-06
     14.40 s 0.9667006348983478 0.0998402555910543 1.2168062300399163e-06
      4.25 s 0.9185406085918427 0.1053002695686901 1.7643690335578897e-05
     13.65 s 0.9673213977292381 0.10023025658945686 4.5630233626496454e-07
      1.20 s 0.9674155238914517 0.10452026757188498 2.4336124600798546e-06
     11.40 s 0.9663985022864376 0.10140025958466453 2.4336124600798326e-06
     11.30 s 0.9663985022864376 0.10140025958466453 2.4336124600798326e-06
     10.40 s 0.9669790091939227 0.10140025958466453 2.4336124600798326e-06
     14.50 s 0.9667006348983478 0.0998402555910543 1.2168062300399163e-06
     11.20 s 0.9654978495757609 0.10179026058306709 4.106721026384727e-06
     14.35 s 0.9667006348983478 0.0998402555910543 1.2168062300399163e-06
      1.50 s 0.967563439394502 0.10335026457667731 4.106721026384754e-06
      0.75 s 0.9681766370020185 0.1053002695686901 6.084031150199637e-07
      4.40 s 0.9185406085918427 0.1053002695686901 1.7643690335578897e-05
      0.90 s 0.9681766370020185 0.1053002695686901 6.084031150199637e-07
      0.35 s 0.9678526405999734 0.1053002695686901 3.042015575099818e-06
      1.95 s 0.9682273305529481 0.10413026657348243 1.6731085663049e-06
     11.10 s 0.9654978495757609 0.10179026058306709 4.106721026384727e-06
      1.15 s 0.9674155238914517 0.10452026757188498 2.4336124600798546e-06
      9.55 s 0.9675037777796432 0.10296026357827476 1.2168062300399273e-06
      7.45 s 0.9677530908666068 0.1025702625798722 4.106721026384736e-06
      2.20 s 0.9681553500744318 0.10296026357827476 2.4336124600798546e-06
     12.30 s 0.9660273835005371 0.10101025858626198 1.6731085663048839e-06
      0.65 s 0.9681766370020185 0.1053002695686901 6.084031150199637e-07
      4.30 s 0.9185406085918427 0.1053002695686901 1.7643690335578897e-05
     14.10 s 0.9666343061591776 0.10023025658945686 4.5630233626496454e-07
      2.85 s 0.9685635584439625 0.10335026457667731 4.5630233626497264e-07
      1.35 s 0.9674272579985889 0.10452026757188498 2.4336124600798546e-06
     11.15 s 0.9654978495757609 0.10179026058306709 4.106721026384727e-06
      3.40 s 0.9670323032853575 0.10374026557507987 6.084031150199637e-07
      7.20 s 0.9672661086109631 0.10296026357827476 2.4336124600798546e-06
     11.35 s 0.9663985022864376 0.10140025958466453 2.4336124600798326e-06
      1.25 s 0.9674155238914517 0.10452026757188498 2.4336124600798546e-06
     12.45 s 0.965941046399323 0.10062025758785942 6.084031150199529e-07
      9.25 s 0.9676905909149821 0.1025702625798722 1.6731085663049e-06
     12.55 s 0.965941046399323 0.10062025758785942 6.084031150199529e-07
     11.80 s 0.9668958056503324 0.10101025858626198 1.6731085663048839e-06
     14.15 s 0.9666343061591776 0.10023025658945686 4.5630233626496454e-07
      7.90 s 0.9681450051172249 0.1025702625798722 1.6731085663049e-06
     13.70 s 0.9673213977292381 0.10023025658945686 4.5630233626496454e-07
     10.50 s 0.9669790091939227 0.10140025958466453 2.4336124600798326e-06
     10.15 s 0.9661421420080722 0.10296026357827476 1.2168062300399273e-06
      3.90 s 0.9675967945060485 0.1025702625798722 1.6731085663049e-06
      8.30 s 0.9677190295960568 0.10296026357827476 3.65041869011976e-06
      1.00 s 0.967956078026595 0.10452026757188498 2.4336124600798546e-06
      5.55 s 0.9670410080135264 0.10374026557507987 3.042015575099818e-06
      9.65 s 0.9675037777796432 0.10296026357827476 1.2168062300399273e-06
      1.30 s 0.9674272579985889 0.10452026757188498 2.4336124600798546e-06
      4.55 s 0.9185406085918427 0.1053002695686901 1.7643690335578897e-05
     12.65 s 0.9664166470611002 0.10101025858626198 1.6731085663048839e-06
      1.80 s 0.9676775100833835 0.10491026857028754 5.323527256424682e-06
     14.30 s 0.9666343061591776 0.10023025658945686 4.5630233626496454e-07
      1.10 s 0.967956078026595 0.10452026757188498 2.4336124600798546e-06
      8.10 s 0.9681450051172249 0.1025702625798722 1.6731085663049e-06
     12.50 s 0.965941046399323 0.10062025758785942 6.084031150199529e-07
      9.70 s 0.9675037777796432 0.10296026357827476 1.2168062300399273e-06
      2.90 s 0.9685635584439625 0.10335026457667731 4.5630233626497264e-07
      5.00 s 0.9662740650087825 0.10335026457667731 4.106721026384754e-06
     10.25 s 0.9669580001608511 0.10218026158146964 3.0420155750998018e-06
      6.05 s 0.9671957836150447 0.10374026557507987 6.084031150199637e-07
      8.90 s 0.9676380283125868 0.10374026557507987 6.084031150199637e-07
      9.45 s 0.9680867696845533 0.1025702625798722 1.6731085663049e-06
      9.95 s 0.9671959227882622 0.10296026357827476 3.650418690119782e-06
      1.55 s 0.967563439394502 0.10335026457667731 4.106721026384754e-06
     12.10 s 0.9676455130339485 0.10140025958466453 1.2168062300399163e-06
     11.05 s 0.966660274226736 0.10179026058306709 4.106721026384727e-06
      7.75 s 0.9676470112018231 0.10218026158146964 6.084031150199637e-07
      5.95 s 0.9671957836150447 0.10374026557507987 6.084031150199637e-07
      9.40 s 0.9680867696845533 0.1025702625798722 1.6731085663049e-06
      8.45 s 0.9674282651217226 0.1025702625798722 4.106721026384736e-06
      3.80 s 0.9679687717963608 0.10335026457667731 4.106721026384754e-06
      8.35 s 0.9674282651217226 0.1025702625798722 4.106721026384736e-06
      7.55 s 0.9674867813453855 0.1025702625798722 1.6731085663049e-06
      8.75 s 0.9670462964617327 0.10335026457667731 4.106721026384754e-06
      9.80 s 0.966922918173289 0.10335026457667731 1.6731085663049e-06
     10.90 s 0.9673987264867565 0.10140025958466453 2.4336124600798326e-06
      3.05 s 0.9670143856644307 0.10335026457667731 2.889914796344827e-06
      5.30 s 0.9663367695255165 0.10413026657348243 5.323527256424682e-06
      0.30 s 0.9678526405999734 0.1053002695686901 3.042015575099818e-06
      5.35 s 0.9663367695255165 0.10413026657348243 5.323527256424682e-06
     10.55 s 0.9669790091939227 0.10140025958466453 2.4336124600798326e-06
      6.80 s 0.9671342294001759 0.10335026457667731 1.6731085663049e-06
      2.00 s 0.9682273305529481 0.10413026657348243 1.6731085663049e-06
      6.85 s 0.9671342294001759 0.10335026457667731 1.6731085663049e-06
      1.85 s 0.9682273305529481 0.10413026657348243 1.6731085663049e-06
      3.45 s 0.9670323032853575 0.10374026557507987 6.084031150199637e-07
     14.85 s 0.9655119835301286 0.0998402555910543 3.65041869011976e-06
     12.25 s 0.9665172167531866 0.10140025958466453 1.2168062300399163e-06
      9.60 s 0.9675037777796432 0.10296026357827476 1.2168062300399273e-06
     11.95 s 0.9676455130339485 0.10140025958466453 1.2168062300399163e-06
      5.50 s 0.9670410080135264 0.10374026557507987 3.042015575099818e-06
      0.70 s 0.9681766370020185 0.1053002695686901 6.084031150199637e-07
      0.95 s 0.9681766370020185 0.1053002695686901 6.084031150199637e-07
      6.10 s 0.9671957836150447 0.10374026557507987 6.084031150199637e-07
      5.40 s 0.9663367695255165 0.10413026657348243 5.323527256424682e-06
      2.80 s 0.9681892418538888 0.10374026557507987 6.084031150199637e-07
      6.65 s 0.9667797306902987 0.1025702625798722 4.106721026384736e-06
     14.45 s 0.9667006348983478 0.0998402555910543 1.2168062300399163e-06
      7.05 s 0.9671342294001759 0.10335026457667731 1.6731085663049e-06
      2.70 s 0.9681892418538888 0.10374026557507987 6.084031150199637e-07
      2.25 s 0.9681553500744318 0.10296026357827476 2.4336124600798546e-06
     12.35 s 0.9660273835005371 0.10101025858626198 1.6731085663048839e-06
      6.00 s 0.9671957836150447 0.10374026557507987 6.084031150199637e-07
      0.60 s 0.9683397992451607 0.1053002695686901 3.042015575099818e-06
      8.50 s 0.9674282651217226 0.1025702625798722 4.106721026384736e-06
      8.00 s 0.9681450051172249 0.1025702625798722 1.6731085663049e-06
     13.55 s 0.9667168030194491 0.10062025758785942 6.084031150199529e-07
     13.60 s 0.9667168030194491 0.10062025758785942 6.084031150199529e-07
     12.75 s 0.9664166470611002 0.10101025858626198 1.6731085663048839e-06
     12.20 s 0.9665172167531866 0.10140025958466453 1.2168062300399163e-06
     13.85 s 0.9670670572042626 0.10062025758785942 6.084031150199529e-07
     10.35 s 0.9669580001608511 0.10218026158146964 3.0420155750998018e-06
      9.20 s 0.9676905909149821 0.1025702625798722 1.6731085663049e-06
     14.95 s 0.9655119835301286 0.0998402555910543 3.65041869011976e-06
     12.80 s 0.9664166470611002 0.10101025858626198 1.6731085663048839e-06
     14.80 s 0.9662754501767836 0.10062025758785942 3.0420155750997963e-06
      5.85 s 0.9668479455272232 0.10296026357827476 6.0840311501996146e-06
     12.70 s 0.9664166470611002 0.10101025858626198 1.6731085663048839e-06
      9.90 s 0.9671959227882622 0.10296026357827476 3.650418690119782e-06
      6.50 s 0.967089491120688 0.1025702625798722 4.106721026384736e-06
     14.55 s 0.9675557305602077 0.0998402555910543 1.2168062300399163e-06
      7.15 s 0.9672661086109631 0.10296026357827476 2.4336124600798546e-06
      7.10 s 0.9671342294001759 0.10335026457667731 1.6731085663049e-06
     10.30 s 0.9669580001608511 0.10218026158146964 3.0420155750998018e-06
     10.00 s 0.9671959227882622 0.10296026357827476 3.650418690119782e-06
      3.95 s 0.9675967945060485 0.1025702625798722 1.6731085663049e-06
     14.05 s 0.9666343061591776 0.10023025658945686 4.5630233626496454e-07
     15.00 s 0.9655119835301286 0.0998402555910543 3.65041869011976e-06
      3.75 s 0.9679687717963608 0.10335026457667731 4.106721026384754e-06
     10.65 s 0.9669790091939227 0.10140025958466453 2.4336124600798326e-06
     10.80 s 0.9673987264867565 0.10140025958466453 2.4336124600798326e-06
      0.55 s 0.9683397992451607 0.1053002695686901 3.042015575099818e-06
      5.60 s 0.9670410080135264 0.10374026557507987 3.042015575099818e-06
      2.05 s 0.9682273305529481 0.10413026657348243 1.6731085663049e-06
      0.40 s 0.9678526405999734 0.1053002695686901 3.042015575099818e-06
      5.25 s 0.9663367695255165 0.10413026657348243 5.323527256424682e-06
     11.45 s 0.9665603505369722 0.10101025858626198 1.6731085663048839e-06
      6.15 s 0.9674565455940476 0.10413026657348243 1.6731085663049e-06
      6.70 s 0.9667797306902987 0.1025702625798722 4.106721026384736e-06
      4.00 s 0.9675967945060485 0.1025702625798722 1.6731085663049e-06
      3.15 s 0.9670143856644307 0.10335026457667731 2.889914796344827e-06
      0.45 s 0.9683397992451607 0.1053002695686901 3.042015575099818e-06
      0.85 s 0.9681766370020185 0.1053002695686901 6.084031150199637e-07
     12.60 s 0.965941046399323 0.10062025758785942 6.084031150199529e-07
      4.50 s 0.9185406085918427 0.1053002695686901 1.7643690335578897e-05
     12.90 s 0.9664166470611002 0.10101025858626198 1.6731085663048839e-06
      8.20 s 0.9677190295960568 0.10296026357827476 3.65041869011976e-06
      3.00 s 0.9685635584439625 0.10335026457667731 4.5630233626497264e-07
     10.10 s 0.9661421420080722 0.10296026357827476 1.2168062300399273e-06
     13.00 s 0.9661266674522007 0.10062025758785942 6.084031150199529e-07
     14.25 s 0.9666343061591776 0.10023025658945686 4.5630233626496454e-07
      4.95 s 0.9662740650087825 0.10335026457667731 4.106721026384754e-06
      3.50 s 0.9670323032853575 0.10374026557507987 6.084031150199637e-07
      3.70 s 0.9679687717963608 0.10335026457667731 4.106721026384754e-06
     13.75 s 0.9673213977292381 0.10023025658945686 4.5630233626496454e-07
      8.25 s 0.9677190295960568 0.10296026357827476 3.65041869011976e-06
      2.45 s 0.9677622717551417 0.10335026457667731 1.6731085663049e-06
     14.00 s 0.9666343061591776 0.10023025658945686 4.5630233626496454e-07
      4.15 s 0.966770226279286 0.10335026457667731 4.5630233626497264e-07
      7.25 s 0.9672661086109631 0.10296026357827476 2.4336124600798546e-06
     11.65 s 0.9665603505369722 0.10101025858626198 1.6731085663048839e-06
      8.60 s 0.9678842983569489 0.1025702625798722 4.106721026384736e-06
      1.90 s 0.9682273305529481 0.10413026657348243 1.6731085663049e-06
      4.90 s 0.9662740650087825 0.10335026457667731 4.106721026384754e-06
     10.70 s 0.9669790091939227 0.10140025958466453 2.4336124600798326e-06
      2.10 s 0.9682273305529481 0.10413026657348243 1.6731085663049e-06
      5.05 s 0.9662740650087825 0.10335026457667731 4.106721026384754e-06
     13.80 s 0.9673213977292381 0.10023025658945686 4.5630233626496454e-07
      4.20 s 0.966770226279286 0.10335026457667731 4.5630233626497264e-07
      1.70 s 0.9676775100833835 0.10491026857028754 5.323527256424682e-06
      5.65 s 0.9670410080135264 0.10374026557507987 3.042015575099818e-06
      6.90 s 0.9671342294001759 0.10335026457667731 1.6731085663049e-06
      9.85 s 0.966922918173289 0.10335026457667731 1.6731085663049e-06
      3.25 s 0.9670143856644307 0.10335026457667731 2.889914796344827e-06
      8.65 s 0.9678842983569489 0.1025702625798722 4.106721026384736e-06
      9.15 s 0.9676905909149821 0.1025702625798722 1.6731085663049e-06
      7.95 s 0.9681450051172249 0.1025702625798722 1.6731085663049e-06
      5.15 s 0.9663207000240142 0.10335026457667731 4.106721026384754e-06
      6.45 s 0.967089491120688 0.1025702625798722 4.106721026384736e-06
      9.05 s 0.9676905909149821 0.1025702625798722 1.6731085663049e-06
      9.75 s 0.966922918173289 0.10335026457667731 1.6731085663049e-06
      7.50 s 0.9674867813453855 0.1025702625798722 1.6731085663049e-06
